"Generation","Fitness","Vision","Collision Distance","Min Separation","Max Align Turn","Max Cohere Turn","Max Separate Turn","Move Distance","Tracking Range","Default Turn"
"Generation","Fitness","Vision","Collision Distance","Min Separation","Max Align Turn","Max Cohere Turn","Max Separate Turn","Move Distance","Tracking Range","Default Turn"
0,1.3750000000000002,11,7,6,11,9,26,2,12,1
0,0,1,7,0,7,0,28,4,9,1
0,0,8,6,4,3,4,16,0,0,1
0,0,13,6,4,2,10,3,6,7,1
0,3.3965555555555556,0,3,0,14,1,23,7,15,1
0,0.45,13,5,0,6,9,15,2,15,0
0,0,4,6,4,1,9,0,6,8,0
0,0.19999999999999998,10,2,0,11,1,8,0,9,0
0,0.375,0,1,0,8,11,17,6,15,0
0,0.025,0,7,1,10,15,22,1,8,1
0,0,0,5,2,4,8,6,3,5,1
0,0,8,3,5,10,4,20,5,7,0
0,0,6,4,5,11,4,24,0,0,1
0,0,0,4,1,3,2,8,0,1,0
0,2.347888888888889,10,0,7,10,13,28,0,14,0
0,0,10,4,5,0,5,24,0,6,1
0,0.025,13,4,7,8,14,7,2,10,1
0,0,0,0,2,10,15,7,3,1,0
0,0,11,3,7,3,3,1,3,2,0
0,0,9,5,5,0,4,18,6,11,0
0,0,0,3,0,0,15,15,5,11,0
0,1.9,0,6,7,15,13,22,2,9,1
0,0.07500000000000001,12,0,0,13,9,23,7,10,1
0,0,7,3,0,7,0,26,4,8,0
0,0,15,0,6,3,14,23,0,9,0
0,0,13,0,3,8,9,29,7,10,0
0,3.499444444444444,11,1,3,15,0,14,2,12,0
0,0,10,2,4,3,14,1,1,6,0
0,0,9,1,1,12,10,8,5,9,0
0,0,5,2,3,1,9,11,3,2,0
0,0,6,4,0,5,5,27,3,2,1
0,0,6,2,4,15,15,27,4,2,1
0,0,4,2,0,0,8,24,3,9,0
0,0,7,0,2,6,13,12,0,4,1
0,0,9,0,2,9,12,31,7,9,1
0,0,6,1,2,6,6,20,3,2,0
0,0.025,10,2,5,9,1,29,7,11,0
0,0,5,0,5,13,3,11,1,2,0
0,0,3,4,0,0,11,18,2,2,1
0,0,13,1,3,5,15,3,0,2,0
0,0,12,1,4,8,3,17,3,5,0
0,0,8,0,2,13,7,21,3,3,0
0,0,10,7,4,8,10,14,2,8,0
0,0,14,6,7,11,1,1,4,1,1
0,0.475,4,7,2,6,5,20,1,15,0
0,0,14,7,2,14,12,9,5,1,1
0,0,11,3,6,11,8,7,0,1,0
0,0,8,4,7,3,7,15,4,3,0
0,0,8,3,0,14,2,22,0,3,0
0,0,15,5,7,11,8,5,7,2,1
1,2.326,5,2,0,11,1,8,0,12,0
1,1.5749999999999997,7,1,0,15,0,1,2,14,0
1,0,7,3,0,6,5,24,6,8,0
1,3.149111111111111,4,7,1,14,1,20,7,15,1
1,2.1635555555555555,0,4,1,9,5,11,2,15,0
1,0,4,7,2,6,15,22,6,8,1
1,0.325,10,0,7,13,13,18,1,9,1
1,2.4841111111111114,0,6,7,15,13,28,0,14,0
1,0,0,4,3,2,14,26,2,12,1
1,0,11,4,6,8,1,23,7,8,1
1,0.07500000000000001,1,7,0,7,15,31,7,15,1
1,0.05,3,3,0,13,6,23,4,9,1
1,0.25000000000000006,1,7,0,7,4,17,6,15,0
1,0,0,1,0,8,0,3,4,9,1
1,0.1,13,1,0,8,11,13,6,15,0
1,0.525,0,1,0,12,1,8,0,9,0
1,0,1,0,7,10,13,28,0,1,0
1,0,10,7,0,4,0,28,4,10,1
1,0,15,3,0,13,9,8,7,5,1
1,0,12,0,0,1,1,16,7,15,1
1,0,5,0,7,7,0,28,3,6,1
1,0,6,7,0,10,13,28,0,1,0
1,0,13,5,0,6,14,0,2,12,1
1,0,3,0,0,2,14,8,7,10,0
1,1.6,13,0,7,10,10,28,0,13,0
1,0.325,10,5,0,6,10,31,2,15,0
1,0,0,7,0,0,0,28,4,9,1
1,0,1,4,6,10,15,22,1,7,1
1,0,11,6,3,8,15,28,7,9,1
1,0,1,7,0,7,0,14,2,3,0
1,0.32500000000000007,1,7,0,7,3,31,4,15,1
1,0.05,0,3,0,13,1,27,7,9,1
1,0.325,1,7,7,7,3,28,2,12,1
1,0,12,7,6,11,9,26,7,9,1
1,0.425,10,6,0,6,9,15,2,15,0
1,0,13,2,3,4,1,7,0,9,0
1,0,0,7,1,5,15,26,2,8,1
1,1.4749999999999999,11,7,6,11,9,29,2,12,1
1,0,0,3,0,13,1,20,7,0,1
1,0.27499999999999997,4,7,2,6,10,19,2,15,0
1,2.8680000000000003,8,3,0,14,1,24,4,15,1
1,0,0,3,0,14,1,20,4,7,1
1,0,0,7,2,6,5,8,1,3,0
1,2.615111111111111,8,1,3,11,0,14,1,12,0
1,3.053888888888889,0,7,0,14,1,23,7,15,1
1,0.05,10,0,7,5,13,28,0,13,0
1,0.05,0,6,7,15,13,14,6,9,1
1,2.2956666666666665,10,0,7,10,13,28,0,14,0
1,2.9786666666666664,11,2,3,15,0,14,2,12,0
1,0,13,5,0,6,14,15,2,12,0
2,0,1,7,0,0,0,13,1,12,0
2,0,8,1,7,11,4,17,6,0,0
2,0,2,7,0,7,8,17,0,9,0
2,0.625,0,1,7,12,6,23,5,12,0
2,0.25,11,1,3,8,7,23,7,15,1
2,3.050888888888889,0,7,0,14,1,14,2,12,0
2,0,0,7,1,1,10,19,2,15,0
2,2.543555555555556,7,1,0,15,0,30,2,14,0
2,0.025,10,0,3,5,13,31,0,14,0
2,0,10,0,7,10,13,19,0,1,0
2,0.30000000000000004,11,7,6,8,9,29,3,14,0
2,0,13,0,7,5,13,28,2,4,1
2,2.4377777777777774,10,0,7,13,2,23,7,15,1
2,1.825,7,0,7,14,1,18,1,9,1
2,2.404888888888889,3,4,0,14,1,7,7,15,1
2,2.947222222222222,8,0,7,14,6,23,7,15,1
2,2.6857777777777776,5,2,3,11,1,12,0,13,0
2,0,13,3,7,10,2,4,0,8,0
2,0.1,5,0,7,13,13,13,6,10,0
2,1.875,7,4,1,9,5,12,2,15,1
2,0,2,0,7,6,13,6,2,9,0
2,2.0785555555555555,7,1,0,12,0,28,0,13,0
2,0,7,7,1,13,6,20,7,7,1
2,2.840666666666667,0,7,7,14,1,23,7,15,1
2,1,7,1,0,15,15,31,7,12,1
2,0,1,7,0,7,0,1,2,14,0
2,0.4,7,7,2,6,1,27,1,14,1
2,0,2,0,7,13,2,2,7,12,1
2,0,11,2,3,11,0,17,6,3,0
2,0,11,1,3,12,0,1,2,3,0
2,2.7591111111111113,4,4,1,14,10,19,0,13,0
2,0.45000000000000007,14,0,7,10,1,19,7,15,1
2,2.125,8,3,0,14,9,23,4,15,1
2,3.0653333333333332,4,7,2,14,14,24,4,15,1
2,0,7,4,0,14,1,8,7,8,1
2,2.7656666666666667,4,7,1,14,1,27,7,15,1
2,0.175,11,7,6,8,9,29,2,12,1
2,2.9452222222222226,15,4,0,13,1,23,4,15,1
2,0.25,0,7,0,9,1,23,7,15,1
2,0,8,1,3,4,7,14,1,15,0
2,0.7,7,4,0,9,1,24,4,15,1
2,2.5412222222222223,7,6,0,15,13,31,7,14,0
2,2.9753333333333334,8,3,0,14,1,24,3,15,1
2,3.3107777777777776,0,7,0,14,1,20,7,15,1
2,0.325,11,2,3,8,0,17,2,12,0
2,3.4315555555555557,4,7,1,14,2,11,4,15,1
2,0,3,0,0,1,2,23,7,15,1
2,0,4,7,1,14,1,20,7,0,1
2,0,8,2,3,4,0,14,1,11,0
2,0.45,12,7,0,14,1,23,7,12,1
3,2.760888888888889,4,0,1,14,1,19,7,15,1
3,0.025,7,0,7,13,1,18,6,9,1
3,2.4744444444444444,15,7,0,9,1,20,0,15,1
3,0,0,3,0,2,14,23,4,15,1
3,0,7,2,0,15,15,0,7,12,0
3,0,7,5,0,0,7,18,5,1,1
3,2.5284444444444447,15,4,0,13,2,19,7,15,1
3,2.999777777777778,9,0,7,13,1,23,3,15,1
3,2.7775555555555553,12,0,7,13,1,23,4,15,1
3,0.4,10,7,0,14,1,20,7,12,1
3,2.7937777777777777,4,4,1,13,10,19,0,13,0
3,2.9753333333333334,10,2,3,11,1,12,0,13,0
3,0,3,7,1,1,14,27,7,15,1
3,2.6758888888888888,12,3,0,14,14,24,3,15,1
3,0,0,7,0,14,1,1,2,4,0
3,2.3636666666666666,3,7,0,14,1,17,2,12,0
3,2.691888888888889,15,7,4,14,14,14,0,13,0
3,2.7476666666666665,4,3,1,14,10,28,2,12,0
3,0,12,4,0,12,15,3,7,0,1
3,0.25,7,2,7,14,14,8,7,12,1
3,3.1261111111111113,0,7,1,14,5,28,0,13,0
3,0.17500000000000002,7,1,0,12,0,4,7,15,1
3,0,7,7,7,14,14,0,7,10,0
3,2.3249999999999997,8,6,0,15,1,23,7,15,1
3,0,11,0,3,14,1,27,3,0,1
3,0,8,3,7,14,1,24,3,0,1
3,2.5,5,1,0,14,1,20,7,15,1
3,0.675,0,0,3,8,1,12,0,13,0
3,2.525888888888889,8,0,0,14,14,20,7,15,1
3,2.1257777777777775,0,7,7,13,6,23,7,15,1
3,2.886333333333333,4,7,1,14,1,11,4,15,1
3,3.607222222222222,2,0,7,14,2,23,4,15,1
3,0.975,7,1,0,12,0,28,0,9,1
3,2.4855555555555555,7,3,7,14,14,18,1,13,0
3,0,4,4,0,2,1,23,4,15,1
3,2.7591111111111113,15,7,2,14,14,24,4,15,1
3,0,4,7,1,1,2,11,4,0,1
3,2.4844444444444447,8,0,4,9,1,23,0,15,1
3,0,4,0,2,14,10,31,4,0,1
3,2.842111111111111,7,7,1,13,14,20,3,15,1
3,0,4,0,1,14,2,27,0,0,1
3,0,4,7,6,1,13,11,4,15,1
3,2.824222222222222,8,3,0,14,1,24,3,15,1
3,2.275,8,7,7,14,6,23,7,15,1
3,2.807111111111111,0,7,0,14,2,14,2,12,0
3,2.792666666666667,4,7,1,14,2,11,4,15,1
3,0,4,7,2,1,14,24,4,15,1
3,0,15,7,0,14,1,14,2,3,0
3,2.652444444444445,0,7,0,14,1,20,7,15,1
3,2.932444444444444,7,4,1,10,10,19,0,13,0
4,3.0745555555555555,4,4,2,14,5,20,4,12,1
4,2.506555555555556,9,0,7,13,2,23,3,12,1
4,3.0393333333333334,2,0,7,13,2,23,4,15,1
4,0,2,0,7,14,2,31,4,0,1
4,0,3,4,1,1,5,18,1,13,0
4,2.3184444444444448,4,3,7,9,14,28,0,13,0
4,2.175,2,7,7,13,2,19,7,15,1
4,3.3655555555555554,15,0,7,14,2,8,4,15,1
4,2.820555555555555,4,7,1,14,1,11,4,15,1
4,0.47500000000000003,11,7,1,9,1,11,4,15,1
4,0.07500000000000001,4,4,1,14,14,24,4,8,1
4,2.5376666666666665,15,7,2,14,10,28,1,15,0
4,0.025,2,0,0,9,1,23,4,8,1
4,0,13,0,7,14,13,23,7,7,1
4,3.1777777777777776,10,2,4,14,2,12,4,15,1
4,2.974666666666667,4,4,1,11,2,12,0,13,0
4,0,2,0,0,13,13,23,4,0,1
4,2.494111111111111,15,0,6,14,14,24,4,15,1
4,1.5750000000000002,0,7,0,14,5,14,5,12,1
4,2.656,8,3,7,13,1,3,4,15,0
4,2.8201111111111112,2,0,7,14,1,23,4,15,1
4,2.671111111111111,4,3,1,13,1,19,0,12,1
4,2.743777777777778,15,0,7,14,1,23,0,15,1
4,0,8,7,1,1,5,28,0,9,0
4,3.1524444444444444,10,2,3,13,1,23,4,15,1
4,2.7083333333333335,12,0,4,11,1,12,0,13,0
4,2.7362222222222226,7,7,1,14,6,28,0,13,0
4,0.32499999999999996,3,4,1,5,10,19,0,14,0
4,2.401222222222222,12,3,7,14,6,12,0,13,0
4,0,10,2,3,11,14,24,3,8,1
4,0,4,7,1,14,1,23,3,0,1
4,0,9,0,7,14,1,4,4,0,1
4,0,15,7,0,14,14,1,4,0,1
4,2.609777777777778,1,7,0,14,2,23,4,13,0
4,0.4,4,0,1,14,2,11,4,10,0
4,2.923111111111111,3,4,2,13,10,20,3,15,1
4,0,9,0,7,10,1,23,3,8,1
4,0.05,11,7,1,9,1,11,7,12,1
4,2.35,0,7,2,14,10,28,0,10,0
4,2.9435555555555557,2,0,7,14,5,23,4,12,1
4,2.676444444444445,2,0,7,14,13,8,4,15,1
4,0,0,7,0,14,1,23,0,0,1
4,0,13,0,7,2,1,23,3,15,1
4,3.2514444444444446,2,3,7,14,2,20,4,15,1
4,0.025,0,7,1,2,5,28,0,13,0
4,2.5393333333333334,15,3,0,14,1,27,3,15,1
4,3.082,0,7,1,14,5,28,0,13,0
4,0,7,0,7,14,2,13,2,3,0
4,2.573888888888889,10,5,3,11,5,12,0,13,0
4,2.25,0,7,1,9,5,28,0,13,0
5,0.4,2,3,7,14,1,11,4,10,0
5,3.0855555555555556,4,0,1,14,2,20,4,15,1
5,3.405222222222222,13,4,7,14,2,20,4,15,1
5,0.6749999999999999,5,0,7,9,13,20,4,15,1
5,0.75,13,4,7,13,1,3,4,12,0
5,3.172222222222222,7,2,4,14,2,12,3,15,1
5,2.461777777777778,11,4,1,11,2,12,4,15,1
5,2.5592222222222225,10,2,4,14,2,12,0,9,0
5,2.8216666666666663,2,0,7,14,2,19,0,10,0
5,0.025,0,7,1,14,5,16,4,7,1
5,0.725,0,7,7,9,13,12,4,15,1
5,2.3488888888888892,10,2,1,14,5,28,0,13,0
5,0.07500000000000001,8,4,0,13,1,3,4,11,1
5,0,2,0,4,14,5,20,4,0,0
5,0.8250000000000001,2,7,1,9,1,20,4,15,1
5,3.039333333333333,7,4,7,13,2,23,4,15,1
5,0,4,7,7,2,1,3,4,15,0
5,2.42,8,3,1,14,5,12,4,12,1
5,3.456666666666666,2,3,7,14,2,23,3,15,1
5,0.9500000000000001,3,7,2,13,13,20,3,11,1
5,0,15,0,7,6,2,8,4,10,0
5,2.1767777777777777,0,7,5,14,10,3,0,15,1
5,0,4,3,1,14,5,20,0,2,0
5,0.35000000000000003,4,3,2,12,14,11,4,12,1
5,2.1294444444444443,15,0,0,14,2,8,4,15,1
5,2.481555555555556,12,0,0,14,2,11,3,15,1
5,2.677777777777778,3,4,2,14,5,8,4,15,1
5,2.688888888888889,0,0,7,14,10,16,3,15,1
5,0,10,2,7,1,2,8,4,15,1
5,2.3923333333333336,15,7,4,14,2,3,4,12,1
5,3.0082222222222224,4,4,2,14,1,11,4,15,1
5,3.025,4,7,1,14,5,23,3,12,1
5,3.063,0,0,2,14,5,27,4,15,1
5,0,2,3,7,1,5,28,0,13,0
5,0.2,12,2,7,6,2,19,4,15,1
5,0,10,3,7,1,6,12,0,13,0
5,2.8464444444444448,2,2,0,13,1,16,4,15,1
5,3.296,2,3,7,14,2,20,4,15,1
5,2.9916666666666667,10,2,3,13,1,24,4,15,1
5,1.025,11,7,1,8,2,19,0,13,0
5,3.0103333333333335,2,3,7,14,13,11,4,12,1
5,0,0,7,0,14,2,8,4,0,1
5,0,5,2,3,10,6,11,4,0,1
5,0.35000000000000003,10,2,3,10,5,23,3,12,1
5,3.198777777777778,14,3,7,14,2,20,4,15,1
5,0,0,0,7,10,2,8,4,8,1
5,0.7999999999999999,10,2,4,9,2,12,4,15,1
5,2.5545555555555555,10,1,3,13,1,24,7,15,1
5,0,10,2,4,1,13,28,4,15,1
5,0,6,5,3,13,1,23,4,0,1
6,3.208333333333334,13,4,7,14,1,23,4,15,1
6,0,7,7,7,9,14,3,4,8,1
6,3.2035555555555555,0,4,7,14,6,19,4,15,1
6,2.8697777777777773,2,2,0,13,2,23,4,15,1
6,2.075,7,4,4,14,2,3,4,12,1
6,1.225,12,4,4,10,5,24,4,15,1
6,2.5653333333333332,2,2,3,13,1,23,4,15,1
6,3.1625555555555556,4,0,5,14,6,19,4,15,1
6,0,3,4,7,10,2,11,4,8,1
6,3.293,4,3,2,14,1,23,7,15,1
6,0,15,0,4,14,2,12,0,5,0
6,3.1991111111111112,13,0,2,14,5,20,4,15,1
6,0.8,4,0,1,14,2,12,3,10,0
6,0,2,0,7,1,1,19,0,12,1
6,2.888111111111111,1,3,0,14,2,23,3,15,1
6,3.4666666666666663,2,3,7,14,2,20,4,15,1
6,0.475,7,2,0,14,5,8,4,11,1
6,2.7733333333333334,15,7,7,14,2,12,3,15,1
6,0,10,1,1,1,6,28,0,13,1
6,0,7,0,1,1,2,27,4,15,0
6,3.3697777777777778,5,3,7,14,13,20,4,15,1
6,2.7784444444444447,2,3,7,14,13,19,4,15,1
6,0.8250000000000001,10,2,3,10,14,31,4,15,1
6,2.9571111111111112,0,0,2,13,5,27,7,15,1
6,3.2525555555555554,2,3,4,14,5,11,3,15,1
6,0,3,2,7,14,2,16,3,0,1
6,2.7744444444444447,2,7,7,14,2,23,3,15,1
6,3.5094444444444446,11,0,6,14,1,20,7,15,1
6,2.4628888888888887,2,4,7,14,2,8,4,15,1
6,3.0087777777777776,2,3,7,14,2,20,4,15,1
6,2.3258888888888887,0,7,7,14,10,12,0,10,0
6,0.125,2,0,7,6,13,8,3,15,1
6,0.05,10,3,7,14,2,20,4,8,1
6,3.3637777777777775,4,3,1,14,1,20,4,15,1
6,0.775,8,4,7,9,1,19,4,15,1
6,0.35000000000000003,2,0,1,9,5,16,4,12,1
6,0.1,5,5,3,10,1,24,4,11,1
6,1.55,7,4,4,13,2,23,4,12,1
6,0.6499999999999999,9,4,7,9,5,20,4,15,1
6,3.2243333333333335,13,4,7,14,2,20,4,15,1
6,0,14,3,7,14,5,19,4,0,1
6,0,2,7,7,14,2,27,4,0,1
6,2.970777777777778,2,3,7,13,1,20,3,12,1
6,2.9365555555555556,13,4,7,13,2,19,4,15,1
6,2.819,8,1,4,13,2,12,0,12,1
6,3.539888888888889,4,7,6,14,2,20,4,15,1
6,2.966222222222222,5,3,7,14,2,16,3,15,1
6,3.3634444444444442,13,4,7,13,2,20,4,15,1
6,0.1,4,7,1,14,2,11,4,8,1
6,0,2,3,4,14,13,11,4,0,1
7,0,13,3,7,6,2,20,4,8,1
7,3.040666666666667,5,7,4,14,5,12,3,15,1
7,0.7749999999999999,5,3,7,9,14,20,3,15,1
7,0,13,4,0,2,2,11,4,15,1
7,3.0609999999999995,4,0,1,14,1,23,7,15,1
7,0,2,3,7,14,5,23,4,0,1
7,0.2,4,0,5,14,1,7,7,12,1
7,2.9506666666666668,2,3,7,14,2,11,4,15,1
7,3.4877777777777776,2,0,2,14,10,16,7,15,1
7,0.65,11,0,6,9,1,23,4,15,1
7,3.3245555555555555,2,3,6,14,1,23,7,15,1
7,3.3951111111111114,7,3,7,14,2,20,4,15,1
7,0,2,0,7,2,6,20,3,12,1
7,0.625,5,3,7,10,2,20,4,15,1
7,0,5,3,7,1,10,20,4,8,1
7,3.2644444444444445,2,3,4,14,5,20,3,15,1
7,0,11,0,6,1,6,20,3,7,1
7,2.6934444444444443,13,4,7,13,2,20,3,15,1
7,0,14,4,7,2,2,20,3,15,1
7,2.965,2,3,3,14,5,11,4,12,1
7,2.8257777777777777,11,0,6,14,14,23,7,15,1
7,0,0,7,2,2,5,27,7,8,1
7,3.190333333333334,13,3,4,14,14,23,7,15,1
7,0.875,4,3,2,9,1,19,4,15,1
7,0,13,4,0,13,2,11,4,0,1
7,3.315555555555556,15,4,7,14,6,19,4,15,1
7,0.125,11,3,6,9,2,4,4,15,1
7,2.956888888888889,13,4,4,13,5,24,0,15,1
7,2.9952222222222225,3,7,7,14,6,19,4,15,1
7,2.9354444444444443,0,4,7,14,6,19,4,15,1
7,0.25,2,3,7,13,5,20,4,11,1
7,0,13,3,7,13,14,20,3,3,1
7,0.05,2,2,0,14,2,23,4,8,1
7,3.284888888888889,0,4,7,14,6,20,7,15,1
7,0,2,3,7,2,1,20,4,15,1
7,2.888333333333333,0,3,1,14,1,20,3,12,1
7,2.7221111111111114,5,3,7,14,13,27,4,12,1
7,2.878,7,3,2,14,6,8,7,15,1
7,1.9000000000000004,11,0,6,14,14,20,0,15,1
7,2.9064444444444444,2,0,7,14,2,23,4,15,1
7,3.0011111111111113,3,0,5,14,6,19,4,15,1
7,0,0,3,7,13,14,28,3,0,1
7,2.634,4,7,6,14,2,20,4,15,1
7,0.05,5,3,7,14,13,20,3,8,1
7,1.525,13,0,7,13,2,19,4,12,1
7,0,4,7,6,1,5,20,4,15,1
7,2.617888888888889,4,3,2,14,1,23,7,15,1
7,3.1862222222222223,11,4,5,14,1,20,7,15,1
7,0,13,7,7,10,1,20,4,8,1
7,3.4637777777777776,4,3,1,14,1,20,4,15,1
8,0,0,4,7,14,9,20,7,0,1
8,2.688,3,7,7,14,6,28,4,15,1
8,2.7117777777777783,13,4,7,13,5,19,3,15,1
8,0,8,4,7,1,5,20,4,15,1
8,2.8546666666666667,8,3,2,14,6,19,4,15,1
8,3.235333333333333,4,0,5,14,1,20,7,15,1
8,3.1260000000000003,5,3,3,14,2,20,4,15,1
8,2.4334444444444445,8,3,7,14,6,4,4,12,1
8,0,15,4,7,14,9,16,4,0,1
8,2.9154444444444447,7,3,7,14,13,20,4,15,1
8,3.5293333333333337,2,3,6,14,5,20,3,15,1
8,0,5,3,7,1,6,8,7,11,1
8,3.447111111111111,2,3,4,14,9,24,7,15,1
8,2.392,13,4,7,10,2,20,3,15,1
8,3.2060000000000004,4,3,3,14,5,12,3,15,1
8,3.546888888888889,5,4,1,14,2,20,7,15,1
8,0,2,3,1,1,1,20,3,15,1
8,3.001444444444444,2,3,4,14,6,23,7,15,1
8,2.767555555555556,13,3,2,14,1,23,7,15,1
8,0,13,3,6,14,10,16,7,0,1
8,2.843666666666667,2,0,2,14,10,27,7,15,1
8,0,0,7,7,1,6,8,7,15,1
8,2.896333333333333,0,4,7,14,6,23,0,15,1
8,3.1057777777777775,7,3,7,14,6,20,4,15,1
8,0.8999999999999999,2,3,2,14,2,20,4,11,1
8,2.4235555555555557,10,3,7,10,10,19,0,15,1
8,2.35,5,3,7,14,13,27,4,12,1
8,0.7,5,0,2,14,10,0,7,15,1
8,3.1354444444444445,2,4,5,14,14,23,7,15,1
8,0.44999999999999996,10,4,4,9,1,23,7,15,1
8,2.655111111111111,2,3,0,14,2,11,7,15,1
8,3.428444444444444,2,4,6,14,9,16,4,12,1
8,2.919333333333334,15,4,7,14,1,19,4,15,1
8,0.6749999999999999,4,3,6,9,1,20,4,15,1
8,3.6592222222222217,2,0,2,13,13,16,4,15,1
8,0,7,3,0,14,5,20,4,4,1
8,3.240333333333333,15,4,7,13,6,19,4,15,1
8,0,7,3,0,1,2,27,4,15,1
8,2.672333333333333,2,3,4,14,5,20,3,12,1
8,3.1165555555555553,2,0,2,14,10,16,7,15,1
8,0.575,15,7,7,14,6,27,7,12,1
8,2.473888888888889,13,0,2,14,10,16,0,15,1
8,3.1822222222222227,10,0,2,14,10,16,7,15,1
8,2.906777777777778,1,3,6,14,1,23,4,15,1
8,0.625,9,3,6,14,6,16,7,12,1
8,0,15,7,7,14,6,20,7,0,1
8,0,4,3,1,1,1,27,4,15,1
8,2.7976666666666667,2,0,2,13,10,16,0,15,1
8,0.6000000000000001,2,3,6,14,6,23,7,12,1
8,3.243555555555556,0,3,7,14,6,20,7,15,1
9,2.804111111111111,0,3,7,14,6,20,7,15,1
9,2.878,10,0,2,14,10,16,7,15,1
9,3.001444444444444,5,4,6,14,5,20,3,12,1
9,3.0937777777777775,2,3,6,14,9,16,4,12,1
9,2.3097777777777777,5,4,5,14,6,23,0,15,1
9,0.45000000000000007,11,4,6,14,2,27,7,12,1
9,3.1401111111111106,2,4,4,14,6,28,7,15,1
9,3.1718888888888888,15,4,7,14,10,7,7,15,1
9,3.287777777777778,4,3,0,14,2,20,7,15,1
9,0.39999999999999997,9,4,2,13,5,0,3,15,1
9,0,2,0,6,14,1,20,7,8,1
9,2.786666666666666,4,0,5,14,5,16,0,15,1
9,2.7532222222222225,7,3,7,14,5,20,3,15,1
9,3.0148888888888887,5,3,6,14,6,20,4,15,1
9,3.4481111111111113,5,4,6,14,10,16,7,15,1
9,0,10,0,2,13,9,23,4,4,1
9,2.9743333333333335,1,7,2,14,13,16,4,15,1
9,2.9364444444444446,1,0,6,14,5,20,3,15,1
9,0.475,0,3,7,13,5,0,3,15,1
9,3.1494444444444447,4,0,3,13,5,19,7,15,1
9,3.082777777777778,1,3,5,14,1,16,7,15,1
9,2.2186666666666666,4,3,6,14,14,4,4,12,1
9,0.875,2,3,6,9,5,23,3,15,1
9,3.037666666666667,15,4,7,14,1,20,4,12,1
9,0,7,3,3,14,5,12,3,0,1
9,2.804222222222222,4,3,0,14,14,11,4,15,1
9,0,10,0,2,1,5,16,0,15,1
9,2.8449999999999998,5,0,6,14,5,11,4,15,1
9,0.75,2,4,1,14,9,16,4,11,1
9,0.875,5,4,6,14,10,16,4,11,1
9,1,2,0,2,10,13,16,4,15,1
9,3.0948888888888892,4,3,3,14,5,11,3,15,1
9,3.184,2,0,7,14,1,19,4,15,1
9,3.068777777777777,15,4,2,13,13,16,3,15,1
9,3.466333333333333,15,4,4,13,6,19,4,15,1
9,0,10,0,2,1,13,16,0,15,1
9,0,2,4,5,1,14,16,4,11,1
9,2.225,5,4,1,14,2,4,7,15,1
9,0,2,3,7,1,13,24,7,15,1
9,2.9328888888888893,13,0,2,13,13,15,4,15,1
9,2.6887777777777777,2,3,6,14,5,20,3,12,1
9,3.078777777777778,2,0,1,13,13,16,4,15,1
9,2.7608888888888887,5,4,1,14,2,8,7,15,1
9,2.382,2,3,4,13,9,24,0,15,1
9,3.1818888888888885,2,0,2,13,14,16,4,15,1
9,0.5,2,3,7,9,9,24,7,15,1
9,0,7,3,7,1,5,27,7,15,1
9,0,4,7,5,14,1,12,7,8,1
9,2.7792222222222223,13,3,6,14,5,20,3,15,1
9,0.9249999999999999,2,0,2,10,13,16,4,15,1
10,3.2604444444444445,15,4,7,14,2,27,7,15,1
10,2.6521111111111115,4,3,3,14,5,11,4,12,1
10,2.7763333333333335,5,4,2,14,13,8,7,15,1
10,0,1,4,5,14,10,16,7,0,1
10,0.1,8,4,4,14,6,19,4,8,1
10,2.872777777777778,15,4,2,13,14,19,4,15,1
10,0.025,5,3,1,14,2,20,7,8,1
10,2.675666666666667,4,3,0,14,6,11,4,15,1
10,3.066777777777778,5,3,7,14,2,20,4,15,1
10,3.019111111111111,4,3,3,14,2,11,7,15,1
10,0.625,8,4,7,9,14,16,4,15,1
10,2.8743333333333334,2,0,5,13,6,19,4,15,1
10,3.023222222222222,10,0,3,13,2,19,0,11,1
10,0,4,0,2,1,13,23,7,15,1
10,0.375,5,4,6,9,5,31,7,15,1
10,0,2,0,2,2,14,23,4,15,1
10,0.25000000000000006,15,4,7,10,5,19,4,12,1
10,1.625,2,3,2,13,14,16,4,12,1
10,0,1,3,5,1,2,16,7,8,1
10,0.225,2,3,6,10,9,16,4,12,1
10,2.980666666666667,5,4,5,14,6,20,3,12,1
10,2.7153333333333327,5,4,6,14,5,23,0,15,1
10,0.05,2,0,4,13,6,28,3,8,1
10,0.6,12,4,7,9,1,19,4,15,1
10,3.2494444444444444,2,0,1,13,2,16,3,15,1
10,0,13,0,2,1,14,16,4,12,1
10,0,4,0,3,13,6,19,3,0,1
10,0,4,3,4,14,10,19,7,7,1
10,0,7,0,0,13,5,19,7,8,1
10,0,3,0,3,13,5,19,7,8,1
10,2.9691111111111113,4,0,3,14,6,19,4,12,1
10,3.0052222222222227,6,4,6,14,5,20,7,15,1
10,2.809444444444445,4,0,3,13,5,20,3,12,1
10,3.378222222222222,5,4,6,14,2,16,7,15,1
10,0,15,4,7,14,10,7,7,8,1
10,2.6762222222222225,15,3,7,14,10,7,0,15,1
10,2.6478888888888887,15,4,7,14,10,7,7,15,1
10,0,3,3,3,14,2,20,3,0,1
10,3.094555555555556,15,4,7,14,10,8,0,15,1
10,0,2,0,1,13,14,16,4,0,1
10,0,12,4,4,10,9,19,4,0,1
10,0,15,4,0,14,10,4,4,8,1
10,0,5,4,6,14,10,23,7,8,1
10,3.3024444444444443,8,4,7,13,6,12,4,15,1
10,0,4,3,7,14,2,20,7,0,1
10,3.4703333333333335,5,0,6,14,1,8,3,15,1
10,0,1,3,5,14,2,16,7,8,1
10,2.498666666666667,2,0,7,14,1,19,4,12,1
10,3.0468888888888888,5,4,6,14,9,20,7,15,1
10,3.3204444444444445,5,7,6,14,10,24,7,15,1
11,0,2,3,6,13,6,19,4,8,1
11,0,5,0,6,14,1,8,3,0,1
11,3.3123333333333336,6,7,6,13,5,16,4,15,1
11,3.354222222222222,9,4,1,14,2,16,7,15,1
11,2.593888888888889,2,3,2,13,14,19,7,15,1
11,2.685888888888889,5,4,6,14,13,16,4,12,1
11,0,5,0,6,1,1,8,3,15,1
11,0.15000000000000002,8,4,7,6,9,15,4,15,1
11,0,15,4,0,14,2,27,7,0,1
11,3.2315555555555555,15,4,4,14,6,27,7,15,1
11,2.765888888888889,3,0,3,13,5,11,0,12,1
11,2.861333333333333,5,4,2,14,13,15,0,15,1
11,3.1405555555555558,5,3,6,14,5,16,7,15,1
11,0.825,2,7,5,14,6,19,4,11,1
11,2.9477777777777776,4,3,3,14,2,20,3,15,1
11,2.4765555555555556,6,3,7,14,5,8,4,12,1
11,0,1,3,6,1,5,20,7,15,1
11,0,5,4,6,1,9,27,7,15,1
11,2.7816666666666667,5,4,2,13,14,19,3,15,1
11,0.05,15,7,6,10,5,24,7,12,1
11,3.250111111111111,5,3,5,14,10,24,7,15,1
11,2.6492222222222224,6,7,5,14,9,27,3,12,1
11,0,10,3,3,13,5,24,7,8,1
11,1.0750000000000002,6,4,6,13,2,19,3,11,1
11,0.05,8,7,1,13,2,23,7,8,1
11,3.2158888888888892,5,4,4,13,6,12,4,15,1
11,3.2776666666666667,5,0,7,14,2,20,4,15,1
11,2.7247777777777777,8,4,7,13,5,12,4,15,1
11,0.05,13,4,7,13,6,12,4,8,1
11,3.1045555555555553,8,3,6,14,2,16,7,15,1
11,2.384333333333333,7,3,0,14,5,12,0,12,1
11,3.3146666666666667,5,4,6,14,2,16,4,15,1
11,3.1882222222222225,8,7,5,14,10,24,7,15,1
11,3.289777777777778,5,4,7,13,5,8,4,15,1
11,0.65,15,4,7,9,6,12,4,15,1
11,2.8622222222222224,8,4,7,10,13,15,0,15,1
11,3.643222222222222,5,7,6,14,6,31,4,15,1
11,3.291333333333333,15,4,7,13,5,12,4,15,1
11,0.4,5,4,1,9,2,15,7,15,1
11,3.002888888888889,5,0,6,14,10,24,7,15,1
11,0,5,4,5,14,9,20,7,0,1
11,0,5,3,6,14,2,16,7,8,1
11,2.827888888888889,6,0,6,13,14,15,0,12,1
11,2.7765555555555554,5,3,0,14,2,20,4,15,1
11,2.929222222222222,15,4,7,14,10,8,7,15,1
11,2.8393333333333333,5,4,5,14,9,20,3,15,1
11,3.454444444444445,5,4,6,14,2,31,7,15,1
11,2.9043333333333328,15,4,7,14,2,28,0,15,1
11,2.9875555555555557,9,0,6,13,6,11,3,15,1
11,0,15,4,7,14,2,27,4,7,1
12,0,8,3,3,14,1,20,4,3,1
12,3.2186666666666666,4,3,6,14,2,16,7,15,1
12,2.974,7,4,7,13,10,8,0,15,1
12,2.8893333333333335,5,4,2,14,13,15,0,15,1
12,2.9194444444444443,5,4,6,14,2,31,7,15,1
12,3.265,6,7,5,14,6,31,4,15,1
12,0,6,0,6,14,13,24,7,8,1
12,3.258111111111111,15,4,7,14,10,8,4,15,1
12,3.3067777777777776,6,4,7,13,5,11,4,15,1
12,0,15,7,6,1,5,16,4,15,1
12,0.49999999999999994,5,7,6,9,2,31,4,15,1
12,0.07500000000000001,6,7,6,10,5,16,7,12,1
12,0.1,4,3,3,14,2,15,4,8,1
12,3.317444444444445,5,4,6,14,2,20,3,15,1
12,3.232222222222222,10,4,6,13,2,23,4,15,1
12,0,15,7,7,2,5,28,7,12,1
12,2.836666666666667,5,4,6,14,2,31,7,15,1
12,3.1362222222222225,4,4,3,14,2,23,3,12,1
12,2.5234444444444444,5,3,6,13,5,23,7,15,1
12,0.725,15,3,4,14,6,27,7,12,1
12,3.0653333333333337,15,4,4,14,6,27,7,15,1
12,0.22499999999999998,5,4,5,9,10,23,3,12,1
12,2.6357777777777778,6,7,6,14,2,16,0,15,1
12,0.025,9,4,1,13,5,15,3,8,1
12,3.358,5,4,6,14,1,16,4,15,1
12,0,9,4,1,9,10,15,7,8,1
12,2.753111111111111,1,4,6,14,2,31,7,15,1
12,2.996,5,7,6,14,6,31,4,15,1
12,3.2364444444444445,5,4,6,14,5,24,7,15,1
12,3.0728888888888886,5,3,5,14,13,16,7,15,1
12,3.1724444444444444,9,0,6,14,2,16,7,15,1
12,0.65,8,3,1,9,5,16,4,15,1
12,2.410111111111111,9,4,1,14,1,31,0,11,1
12,2.8841111111111113,5,4,6,14,1,31,7,15,1
12,0,6,4,6,1,2,24,7,15,1
12,3.287888888888889,8,4,4,14,2,28,0,15,1
12,3.2078888888888892,5,4,6,14,2,16,4,15,1
12,2.9882222222222223,10,4,5,14,10,24,7,15,1
12,2.418111111111111,5,7,6,14,5,31,4,15,1
12,2.862111111111111,5,7,6,14,6,31,4,15,1
12,2.2,5,7,6,13,14,3,3,15,1
12,0,5,4,6,2,2,16,4,15,1
12,2.5064444444444445,9,4,1,13,2,16,7,15,1
12,0.35,15,4,4,9,1,27,7,15,1
12,2.4327777777777775,5,7,6,14,6,31,3,15,1
12,2.848777777777778,5,0,7,14,2,20,4,15,1
12,2.747,5,3,6,14,2,24,7,15,1
12,0,10,7,6,1,6,31,4,15,1
12,2.958666666666667,12,4,4,14,6,28,0,15,1
12,3.3624444444444443,5,0,6,14,6,16,4,12,1
13,3.279,8,4,4,14,5,11,4,15,1
13,0,1,0,4,1,2,28,0,15,1
13,3.5374444444444446,5,0,6,14,2,20,3,12,1
13,2.791777777777778,5,4,6,14,6,16,4,12,1
13,3.125888888888889,5,3,5,14,13,12,4,15,1
13,0,5,3,7,1,10,11,4,15,1
13,2.5778888888888885,5,4,1,13,5,28,7,15,1
13,0,8,4,4,2,2,11,3,15,1
13,0,5,0,5,14,6,28,0,0,1
13,0.9500000000000001,8,4,4,14,2,23,4,11,1
13,3.123888888888889,2,4,5,14,5,24,7,15,1
13,2.8475555555555556,5,0,6,14,2,16,3,15,1
13,2.672111111111111,8,4,4,14,2,27,0,15,1
13,0,7,4,4,1,9,27,7,15,1
13,2.360222222222222,6,7,6,13,1,3,0,15,1
13,3.4492222222222226,5,4,6,14,2,15,4,15,1
13,2.25,0,4,4,13,6,27,7,15,1
13,0,8,4,4,14,2,28,0,0,1
13,0.125,5,0,1,13,5,16,4,8,1
13,3.5637777777777773,5,3,6,14,2,16,4,15,1
13,2.494666666666667,8,4,0,13,6,24,7,15,1
13,2.629777777777778,5,4,6,14,5,23,0,15,1
13,0.05,10,4,5,14,10,24,3,8,1
13,2.3695555555555554,9,0,1,9,6,16,0,15,1
13,0,5,4,6,1,1,0,4,15,1
13,0.025,5,4,6,14,1,19,4,8,1
13,0,5,0,7,13,5,16,4,0,1
13,0.85,5,4,6,9,2,20,3,15,1
13,0,10,4,6,14,14,23,4,0,1
13,2.4062222222222225,10,4,6,13,2,23,7,15,1
13,0.25,1,4,5,9,5,24,7,15,1
13,2.8413333333333335,5,4,6,14,1,31,7,15,1
13,2.644222222222222,15,4,4,13,13,31,4,15,1
13,0.05,5,4,6,9,2,28,0,8,1
13,0.7250000000000001,6,4,3,9,13,11,4,15,1
13,0,2,3,6,1,2,31,7,15,1
13,2.9325555555555556,4,3,6,14,2,16,4,15,1
13,2.8304444444444443,15,3,4,14,5,8,3,15,1
13,2.7579999999999996,5,4,6,14,2,20,3,11,1
13,2.6246666666666667,5,0,6,14,6,15,4,12,1
13,0.2,6,0,1,9,5,16,4,12,1
13,3.639666666666667,15,4,7,14,5,8,4,15,1
13,2.8975555555555554,4,4,3,14,2,23,3,12,1
13,0,5,4,5,14,2,23,4,0,1
13,3.0034444444444444,10,3,6,14,2,20,4,15,1
13,3.2778888888888886,5,3,6,14,1,16,4,15,1
13,3.538777777777778,5,4,6,14,1,15,7,15,1
13,2.948,5,0,6,14,5,16,4,12,1
13,2.8235555555555556,6,4,7,13,10,11,4,15,1
13,3.265888888888888,6,3,2,14,6,31,4,15,1
14,3.098777777777778,5,3,5,14,13,12,4,15,1
14,2.846888888888889,12,4,4,14,5,7,4,15,1
14,3.227777777777778,5,4,6,14,2,16,4,15,1
14,0.775,5,3,6,14,1,0,3,15,1
14,0.025,10,4,6,14,6,31,4,7,1
14,3.194666666666667,6,3,2,14,1,15,7,15,1
14,0,15,4,5,14,13,12,4,0,1
14,2.766111111111111,5,3,7,14,5,8,4,12,1
14,2.8426666666666667,5,0,6,14,14,8,7,15,1
14,3.2720000000000002,5,4,6,14,6,19,4,15,1
14,1.675,6,4,7,13,2,24,4,12,1
14,2.9016666666666664,5,7,6,13,10,11,4,15,1
14,2.8075555555555556,5,4,0,14,2,27,3,15,1
14,0.15,7,3,6,14,5,11,4,8,1
14,0,6,4,6,14,1,15,7,0,1
14,2.6394444444444445,8,4,0,13,5,24,7,15,1
14,3.392555555555556,2,4,6,14,6,15,7,15,1
14,0,2,4,5,14,10,24,7,7,1
14,3.1874444444444445,4,3,6,14,9,24,7,15,1
14,3.425222222222222,2,4,5,14,2,16,4,15,1
14,1.075,2,0,6,9,1,27,0,12,1
14,2.848111111111111,10,0,6,14,2,20,4,12,1
14,2.939222222222222,5,4,6,14,2,23,7,15,1
14,3.0436666666666667,10,4,5,14,5,24,4,15,1
14,0,10,3,1,14,5,8,4,0,1
14,0.1,15,4,7,14,2,23,4,8,1
14,2.756555555555556,8,4,4,14,2,27,0,12,1
14,3.0184444444444445,5,0,6,14,1,20,4,15,1
14,2.8822222222222225,6,7,7,13,10,15,4,15,1
14,3.381222222222222,5,4,6,14,2,8,4,15,1
14,2.5193333333333334,5,3,1,14,2,16,3,15,1
14,3.5172222222222222,6,4,5,14,13,11,4,15,1
14,3.109222222222222,7,3,7,14,5,11,4,12,1
14,0.6000000000000001,5,3,6,14,1,0,7,15,1
14,2.1999999999999997,6,4,5,13,6,28,7,15,1
14,0,5,7,1,2,6,31,4,15,1
14,2.542555555555556,5,4,5,14,1,15,0,15,1
14,3.141,8,3,4,14,2,11,4,15,1
14,0,2,4,6,6,5,15,7,8,1
14,2.8375555555555554,2,4,6,14,6,31,7,15,1
14,0.05,15,7,7,14,5,8,4,8,1
14,0.025,7,4,3,5,2,20,4,15,1
14,0,5,3,6,1,1,16,4,12,1
14,3.0453333333333337,5,4,6,14,2,15,4,12,1
14,2.9645555555555556,15,4,7,14,5,11,3,15,1
14,2.1999999999999997,0,4,7,14,2,8,7,15,1
14,3.1888888888888887,2,0,6,14,2,27,3,12,1
14,3.3411111111111116,5,3,6,14,2,15,4,15,1
14,3.5490000000000004,11,4,4,14,5,11,4,15,1
14,0,10,0,6,1,2,20,3,12,1
15,0.45,5,4,6,9,2,8,7,15,1
15,0.44999999999999996,5,3,6,9,2,15,7,15,1
15,3.4748888888888887,6,4,6,14,9,16,4,15,1
15,2.5401111111111114,6,3,6,14,2,20,4,15,1
15,0.17500000000000002,5,4,6,14,6,12,3,8,1
15,3.3805555555555555,5,4,5,14,13,11,3,15,1
15,1.3250000000000002,7,3,3,13,5,12,4,12,1
15,2.3,6,4,5,14,9,4,3,12,1
15,2.9206666666666665,8,3,4,14,2,8,7,15,1
15,2.9817777777777783,6,4,6,14,2,11,4,12,1
15,0,6,4,5,14,13,11,4,0,1
15,0.05,5,3,6,13,2,15,4,8,1
15,2.780777777777778,5,3,5,14,13,19,4,15,1
15,3.2644444444444445,6,7,5,14,13,8,4,15,1
15,2.6819999999999995,1,3,5,14,2,8,4,15,1
15,3.4766666666666666,5,4,6,14,13,12,4,12,1
15,2.5882222222222224,10,0,6,14,2,23,4,12,1
15,0.4,2,0,5,9,1,27,4,12,1
15,0.1,7,3,0,9,5,11,4,12,1
15,2.789111111111111,5,3,6,14,2,11,3,15,1
15,2.8952222222222224,5,4,6,14,1,15,4,15,1
15,0,4,3,6,1,10,31,0,12,1
15,3.3630000000000004,12,7,4,14,5,11,3,15,1
15,0,15,3,4,2,2,11,4,0,1
15,0,6,3,1,2,1,8,4,12,1
15,2.5300000000000002,7,3,0,14,5,11,7,15,1
15,3.294,11,4,4,14,5,11,4,15,1
15,3.365,11,4,3,13,5,11,4,15,1
15,0,6,4,7,1,5,11,4,15,1
15,0,15,3,5,14,13,11,4,0,1
15,0,2,0,5,14,13,11,4,0,1
15,0,6,4,5,2,2,27,3,12,1
15,3.6193333333333335,11,4,5,13,5,16,3,15,1
15,0,1,4,4,9,10,11,4,0,1
15,0,2,3,6,6,5,16,4,7,1
15,0.325,5,4,6,9,5,24,3,12,1
15,3.315777777777778,8,3,3,14,2,11,4,15,1
15,0,11,4,3,14,10,4,4,8,1
15,2.651777777777778,2,4,6,14,2,8,4,15,1
15,0,2,0,6,14,2,27,3,3,1
15,3.5374444444444446,10,7,5,14,6,19,7,15,1
15,3.6641111111111107,5,4,6,14,13,16,7,15,1
15,0,5,3,6,9,5,15,7,0,1
15,0.025,6,7,6,14,13,12,4,8,1
15,2.666777777777778,1,4,5,14,13,11,4,15,1
15,2.7837777777777775,11,4,3,14,5,4,4,15,1
15,0,11,4,3,1,6,11,4,15,1
15,2.7384444444444442,2,4,6,14,6,12,7,15,1
15,3.4727777777777775,11,4,4,14,10,11,4,15,1
15,0.675,13,7,5,9,2,16,4,15,1
16,3.2476666666666665,0,3,0,13,10,23,4,15,1
16,0,11,4,5,9,5,11,7,11,1
16,3.226888888888889,4,4,4,14,1,11,4,15,1
16,2.944888888888889,6,7,5,14,13,8,4,15,1
16,2.9246666666666665,6,4,6,14,2,20,3,15,1
16,3.3417777777777777,5,4,6,14,13,16,0,15,1
16,1.35,11,4,2,13,5,12,4,12,1
16,2.8335555555555554,2,7,6,14,13,16,3,15,1
16,0.525,6,4,6,14,13,12,7,12,1
16,3.3597777777777775,2,4,6,14,14,23,4,15,1
16,2.9654444444444445,4,3,3,14,1,11,4,15,1
16,2.9568888888888893,15,4,3,13,5,11,4,15,1
16,0.6,4,4,5,14,13,16,7,12,1
16,2.6173333333333333,10,7,6,13,5,23,3,15,1
16,0,10,7,5,14,6,12,7,0,1
16,0.625,13,0,5,9,2,19,4,15,1
16,2.4354444444444443,4,3,3,13,5,3,3,15,1
16,3.0451111111111113,11,0,4,14,5,8,4,15,1
16,0,8,3,3,1,2,8,7,0,1
16,2.8922222222222222,11,4,6,13,5,19,3,15,1
16,2.989,11,4,5,13,5,11,4,15,1
16,0,5,4,6,14,10,16,3,3,1
16,0,11,7,6,1,9,16,4,15,1
16,2.821777777777778,6,4,5,13,6,16,3,15,1
16,0.05,10,7,6,9,13,16,7,12,1
16,0,2,7,5,14,6,19,7,8,1
16,2.696444444444445,5,4,6,14,10,23,7,15,1
16,0.07500000000000001,5,3,5,14,13,19,4,8,1
16,0,5,4,6,2,1,15,4,8,1
16,2.608444444444445,6,7,5,13,9,4,3,15,1
16,3.1087777777777776,10,7,6,14,6,11,4,15,1
16,2.839888888888889,11,4,7,13,13,28,7,15,1
16,0.2,5,4,1,10,13,4,4,15,1
16,0.025,12,3,4,14,5,12,4,7,1
16,3.3908888888888886,12,7,4,14,9,16,4,15,1
16,2.7036666666666664,6,4,6,14,13,11,7,15,1
16,3.1444444444444444,11,4,2,13,5,16,3,15,1
16,2.1750000000000003,10,7,1,14,6,19,0,15,1
16,0,11,4,5,2,5,16,4,15,1
16,2.7114444444444445,9,4,6,14,9,16,7,15,1
16,0.025,11,4,4,14,10,8,4,8,1
16,3.2616666666666667,10,4,6,14,2,16,7,15,1
16,3.1821111111111113,6,4,6,14,9,16,4,15,1
16,3.2026666666666666,5,4,6,14,13,16,4,15,1
16,0.55,5,4,6,14,2,16,7,12,1
16,3.1567777777777777,12,7,4,14,5,12,3,15,1
16,3.0764444444444443,2,3,6,14,13,16,7,15,1
16,0,11,4,2,14,5,15,4,0,1
16,0.1,9,7,5,14,13,23,3,8,1
16,0.85,11,7,3,10,5,12,4,15,1
17,2.8817777777777778,12,7,4,14,9,15,4,15,1
17,2.275,6,4,6,13,13,23,7,15,1
17,0.22500000000000003,5,4,6,14,2,11,3,8,1
17,2.960111111111111,4,4,4,14,14,23,4,15,1
17,3.307222222222222,4,4,7,14,1,11,4,15,1
17,0.625,7,7,7,9,1,11,4,15,1
17,3.208333333333334,10,4,6,14,2,24,4,15,1
17,0.5,10,4,1,14,2,0,7,15,1
17,3.2885555555555555,5,4,6,14,13,16,7,15,1
17,0,6,3,6,1,14,11,0,15,1
17,0,15,4,3,2,10,11,4,15,1
17,3.303,10,7,6,14,6,19,3,15,1
17,2.8649999999999998,9,4,6,14,2,20,7,15,1
17,2.5198888888888886,10,7,6,14,6,8,3,15,1
17,3.296333333333333,0,3,6,14,1,23,4,15,1
17,0,2,4,0,14,10,27,4,8,1
17,0.35000000000000003,7,3,3,9,1,16,7,15,1
17,2.5856666666666666,5,4,1,14,14,11,7,15,1
17,2.1502222222222223,7,3,3,13,5,3,3,15,1
17,2.7471111111111117,4,0,4,14,1,4,4,15,1
17,3.581555555555556,6,4,4,14,9,16,4,15,1
17,3.433555555555556,12,7,5,13,5,15,3,15,1
17,0,0,3,0,2,10,24,0,15,1
17,0,6,4,6,1,14,23,7,15,1
17,1.9249999999999998,11,4,6,14,10,16,0,8,1
17,2.3952222222222224,5,4,6,13,5,16,3,12,1
17,0.475,6,7,5,9,13,8,4,15,1
17,0,6,7,2,2,9,4,3,15,1
17,3.139333333333333,12,4,2,14,2,20,3,15,1
17,3.3124444444444445,6,4,6,13,10,16,3,15,1
17,3.264333333333333,1,4,6,14,14,23,4,15,1
17,3.166777777777778,1,4,1,14,2,16,4,12,1
17,2.794888888888889,15,7,0,13,13,23,4,15,1
17,3.4571111111111112,0,3,0,14,13,20,4,15,1
17,0,8,4,6,1,2,16,4,15,1
17,3.356444444444444,1,4,4,14,9,16,4,15,1
17,2.356444444444444,11,4,2,13,5,15,0,15,1
17,2.4819999999999998,5,4,6,14,10,16,0,15,1
17,0,15,7,4,14,5,3,3,8,1
17,2.5901111111111117,12,7,3,14,9,23,3,15,1
17,1.0499999999999998,12,7,4,9,10,12,3,15,1
17,2.54,5,0,6,13,14,31,0,15,1
17,2.639777777777778,12,7,4,14,9,16,3,15,1
17,2.5106666666666664,6,7,6,13,13,19,0,15,1
17,3.1706666666666665,2,4,6,14,13,23,4,15,1
17,2.6793333333333336,12,7,4,13,9,19,4,15,1
17,2.9736666666666665,5,4,6,14,2,31,4,15,1
17,3.0593333333333335,12,7,4,14,10,16,4,15,1
17,3.226777777777778,12,7,3,14,9,16,4,15,1
17,3.411222222222222,15,7,4,14,6,16,4,15,1
18,0.24999999999999997,7,0,4,9,1,4,4,15,1
18,2.5725555555555557,15,3,0,14,13,11,4,15,1
18,2.8355555555555556,6,3,6,14,14,23,4,15,1
18,2.4064444444444444,15,3,5,13,1,23,7,15,1
18,0,9,0,4,2,9,15,7,15,1
18,0,3,7,6,14,9,12,3,0,1
18,0.05,6,4,6,13,6,31,3,8,1
18,0.07500000000000001,10,7,6,14,10,15,3,8,1
18,2.455111111111111,12,7,3,14,10,19,3,15,1
18,0.44999999999999996,10,7,5,14,9,23,7,12,1
18,3.0677777777777777,15,3,6,14,1,31,7,15,1
18,2.7657777777777777,1,4,4,14,14,20,4,12,1
18,0,4,3,7,2,9,4,4,8,1
18,2.767888888888889,4,4,7,14,6,27,4,15,1
18,0,5,4,6,14,13,16,7,0,1
18,0,14,4,7,1,6,11,3,15,1
18,3.3154444444444446,11,4,5,14,9,16,4,15,1
18,2.6079999999999997,15,7,4,13,5,15,0,15,1
18,2.941111111111111,9,7,6,14,6,16,4,12,1
18,3.3447777777777774,6,4,4,14,14,19,4,15,1
18,1.05,10,4,6,14,13,19,4,11,1
18,2.956666666666667,2,4,6,13,13,23,0,15,1
18,2.549555555555555,1,4,2,13,2,23,3,15,1
18,0.95,15,4,1,14,2,19,4,11,1
18,0.45,3,7,5,13,5,12,7,12,1
18,2.8772222222222226,1,3,1,14,2,16,4,15,1
18,3.3153333333333337,12,4,4,14,9,16,4,15,1
18,2.811888888888889,1,7,5,13,5,8,4,15,1
18,0,3,3,0,1,13,11,3,15,1
18,0.37500000000000006,11,7,5,10,5,0,3,15,1
18,2.5963333333333334,5,4,2,14,2,23,3,15,1
18,2.9415555555555555,12,4,4,14,9,19,7,15,1
18,3.2214444444444448,15,7,4,14,9,15,4,15,1
18,0,6,4,4,1,6,16,4,15,1
18,2.822777777777778,15,4,6,14,10,7,4,15,1
18,3.5941111111111113,2,3,6,14,1,23,4,15,1
18,3.4142222222222225,1,4,4,14,6,16,4,15,1
18,3.029111111111111,6,4,6,14,10,16,3,12,1
18,0,7,4,0,9,1,8,3,0,1
18,0.9249999999999999,2,4,4,14,10,16,4,11,1
18,0,0,3,0,1,10,4,4,15,1
18,3.0057777777777774,0,3,3,14,13,20,4,15,1
18,0.125,15,7,4,14,6,16,4,8,1
18,2.8858888888888887,0,4,0,14,13,20,3,12,1
18,3.1018888888888885,0,3,0,14,13,20,4,15,1
18,0.15000000000000002,6,4,4,14,9,16,4,8,1
18,0,6,4,4,1,9,16,7,15,1
18,2.8060000000000005,15,7,4,14,6,16,7,15,1
18,3.3583333333333334,0,4,0,14,13,20,4,15,1
18,2.839111111111111,10,0,6,14,6,19,3,15,1
19,0,7,4,0,1,13,16,4,12,1
19,2.4147777777777777,11,3,5,14,10,20,0,12,1
19,2.908,0,3,0,14,13,19,4,12,1
19,2.8821111111111115,6,4,6,13,5,16,3,15,1
19,0.22500000000000003,6,4,6,9,10,16,3,12,1
19,0,6,3,6,14,9,31,3,3,1
19,2.574222222222222,2,4,6,14,2,20,4,12,1
19,0.625,0,3,0,9,13,23,4,15,1
19,0,2,0,6,2,2,20,4,15,1
